6.97495121e+00 9.70839470e+01 4.62026657e-12 8.15458994e-13
1.40222059e+01 7.88082410e+01 1.93098410e-11 8.62707289e-13
1.33325259e+01 8.09724903e+01 3.44941942e-11 5.12870153e-13
8.90675174e+00 8.78764817e+01 2.04917909e-11 6.18876984e-13
1.31579711e+01 1.01055851e+02 4.20853901e-11 7.71752478e-13
7.75133595e+00 8.93428332e+01 9.53746076e-12 9.59670076e-13
1.54241333e+01 7.56552772e+01 6.61309206e-12 7.93991285e-13
7.76854472e+00 9.24970601e+01 2.52124137e-11 2.71277737e-13
8.86352422e+00 1.00818114e+02 6.23269917e-12 8.44011574e-13
6.68740893e+00 9.12260856e+01 4.00083503e-12 9.42131717e-13
1.38761902e+01 8.15623784e+01 4.89991608e-11 5.95758869e-13
9.93433026e+00 9.23166757e+01 3.95392232e-11 3.95219812e-13
1.01542211e+01 8.70617108e+01 3.76091345e-11 1.13592022e-13
9.79459169e+00 8.47593393e+01 2.17440010e-11 1.80681461e-13
6.99884753e+00 9.00285165e+01 1.65058295e-11 1.96132325e-14
1.10386260e+01 9.68067675e+01 3.65672992e-11 7.44888139e-13
1.32692969e+01 8.24538855e+01 4.66007967e-11 5.46975137e-13
9.55769380e+00 9.97426480e+01 2.30083659e-11 3.45190252e-13
1.64392187e+01 7.69157628e+01 4.69759826e-11 4.62588189e-13
8.02082686e+00 9.07552405e+01 2.92452832e-11 6.33457300e-14
7.14523893e+00 9.59529475e+01 1.75525603e-11 3.26629544e-13
9.64663006e+00 9.56176327e+01 3.00558947e-11 5.64066169e-13
1.31155031e+01 1.04038461e+02 3.82298529e-11 1.11013594e-13
1.06691204e+01 1.02919186e+02 1.31721084e-11 6.98564175e-13
1.10958893e+01 9.82356753e+01 3.34131790e-11 6.81845361e-13
1.61803968e+01 7.72729372e+01 4.35041998e-11 6.59533391e-13
9.61854532e+00 1.04667318e+02 1.28491555e-11 7.38895690e-14
1.11744431e+01 1.02198001e+02 2.39399256e-11 4.42512494e-13
1.32839580e+01 1.03353916e+02 3.56022211e-11 5.08264828e-13
1.25727522e+01 8.22864948e+01 2.77632038e-11 9.28007606e-13
1.34204313e+01 7.97259088e+01 2.64483998e-11 3.73654435e-13
1.44063864e+01 8.68863461e+01 1.66133057e-12 1.37899232e-13
1.05170511e+01 8.30209778e+01 2.46118226e-12 7.15053333e-13
6.36820143e+00 9.32323684e+01 1.10265022e-11 4.02153500e-13
1.14595636e+01 8.51824334e+01 4.12002360e-11 3.11112490e-13
9.62837321e+00 8.62748222e+01 3.04201541e-11 3.75871228e-14
1.26326673e+01 9.88451062e+01 4.51416716e-11 8.96087805e-13
6.84105325e+00 9.42447214e+01 2.07947573e-11 1.59129486e-13
1.20052045e+01 9.95431098e+01 3.17431882e-11 9.95746576e-13
1.37281999e+01 7.81068374e+01 9.98664527e-12 2.34685198e-13
1.22868996e+01 8.42583179e+01 4.86855612e-11 2.48613765e-13
7.76831822e+00 8.86086799e+01 8.33891059e-12 8.86822303e-13
1.31483222e+01 7.92490650e+01 1.41148685e-11 6.24405688e-13
6.41472265e+00 9.43818886e+01 1.52752426e-11 2.19060847e-13
1.69040710e+01 7.59470519e+01 4.24426147e-11 4.82764992e-13
9.33627648e+00 8.50824284e+01 7.35373423e-12 4.14818868e-13
1.11799652e+01 8.22864948e+01 3.43735724e-12 5.42652817e-13
7.49400146e+00 9.91316148e+01 1.40704619e-12 8.44011574e-13
1.25720125e+01 8.18150946e+01 2.01595231e-12 3.86303363e-13
1.26573151e+01 8.13798635e+01 3.26548016e-11 2.08607393e-13
1.41032456e+01 1.02259785e+02 4.89991608e-11 7.09655402e-13
1.28423854e+01 8.05888356e+01 2.49333020e-11 4.48761408e-13
6.60237480e+00 9.47587840e+01 1.44508406e-11 3.75019894e-13
7.71782837e+00 9.97426480e+01 1.05698670e-11 3.66371593e-13
7.01030503e+00 9.04288382e+01 1.60928672e-11 3.28442970e-13
1.42247724e+01 7.72729372e+01 4.04179238e-12 8.84882668e-13
8.90034092e+00 1.03481160e+02 1.20484502e-11 3.32934252e-14
1.47340317e+01 7.67277796e+01 1.21734924e-11 3.22143109e-14
1.36783125e+01 8.09723789e+01 3.73870041e-11 7.02395029e-13
1.63520361e+01 7.50676852e+01 1.77822538e-11 6.73719408e-13
6.63061621e+00 9.51424616e+01 6.37710394e-12 2.91501069e-13
1.41690144e+01 7.88082410e+01 2.61619636e-11 5.47306232e-13
1.27347795e+01 8.03534543e+01 2.30655442e-11 3.35657921e-13
9.30078689e+00 8.51824334e+01 1.17719551e-11 5.84927868e-13
9.86955132e+00 8.98026401e+01 3.72016257e-11 4.02153500e-13
1.10457754e+01 8.74649753e+01 2.44459006e-12 2.19060847e-13
7.81468613e+00 9.97368481e+01 1.73402928e-11 5.22032025e-14
9.94149283e+00 9.63766365e+01 3.95392232e-11 7.74737308e-14
6.41899001e+00 9.27767226e+01 1.04054990e-11 3.38127971e-13
1.50747306e+01 7.80478656e+01 3.10197967e-11 6.74720637e-13
7.46061559e+00 9.50107837e+01 2.04917909e-11 3.50331768e-13
1.23418391e+01 1.02919186e+02 2.20404824e-11 8.62665284e-13
1.44766468e+01 1.04038461e+02 4.17837354e-11 7.07728862e-13
1.27686237e+01 8.23554570e+01 3.10607900e-11 9.42131717e-13
9.70083942e+00 1.02527378e+02 1.21734924e-11 5.12870153e-13
8.47144420e+00 1.02046968e+02 5.96013715e-12 4.75864030e-13
8.19886025e+00 8.70617108e+01 5.13855803e-12 8.18827723e-13
1.31661175e+01 7.98807135e+01 2.46118226e-12 4.64420038e-13
7.64319842e+00 9.18896101e+01 1.49332427e-11 8.14917064e-13
9.59192621e+00 8.45655183e+01 1.31923979e-11 8.30875506e-14
7.05628582e+00 9.06826183e+01 1.83516865e-11 2.71731920e-13
7.92609331e+00 9.26650335e+01 3.05704811e-11 1.96132325e-14
8.31101534e+00 1.01283070e+02 4.88910034e-12 6.24405688e-13
1.15318410e+01 1.01188844e+02 2.09445547e-11 9.49346399e-13
1.41150391e+01 7.81068374e+01 2.49177880e-11 8.61719949e-14
9.17870640e+00 8.73696124e+01 2.52124137e-11 3.71486231e-13
1.22567131e+01 1.00042545e+02 3.31456160e-11 9.45904117e-13
7.97463594e+00 8.90838670e+01 2.58669820e-11 4.26507129e-14
1.28478175e+01 1.04651760e+02 1.87501500e-11 8.49789462e-13
1.24397674e+01 8.26065437e+01 3.52625257e-11 4.76060109e-13
9.57897728e+00 8.82869431e+01 5.36635864e-12 1.24682692e-13
7.61189594e+00 9.37170050e+01 1.82939276e-11 5.95758869e-13
9.55023932e+00 8.55576366e+01 5.39748330e-12 3.35657921e-13
1.48546296e+01 1.04749018e+02 3.73032773e-11 9.45904117e-13
1.12063028e+01 8.18820936e+01 7.19308610e-12 4.48761408e-13
7.36135612e+00 8.89851208e+01 9.38862245e-12 5.34495440e-13
9.02508008e+00 8.72610142e+01 1.50894497e-11 8.84882668e-13
8.77621976e+00 9.53364979e+01 2.11152994e-11 7.40353818e-13
1.35112238e+01 7.88082410e+01 9.12106347e-12 1.31115610e-13
6.39917731e+00 9.27767226e+01 1.19047822e-11 3.38127971e-13
8.13432574e+00 8.91132967e+01 1.65085615e-11 6.89079187e-13
9.64459790e+00 9.83277561e+01 2.61558728e-11 4.20489498e-13
1.07726271e+01 9.68067675e+01 4.64353862e-11 4.81069024e-14
7.34678836e+00 9.65719220e+01 1.44508406e-11 5.04435801e-13
8.46300114e+00 1.02527378e+02 5.06553723e-12 3.50363085e-13
7.83073294e+00 8.97227808e+01 8.57591193e-12 9.93014788e-14
9.78108720e+00 8.96820215e+01 3.61518377e-11 4.02153500e-13
6.79039995e+00 9.07573087e+01 7.18493008e-12 5.42652817e-13
6.65516212e+00 9.12615417e+01 6.37710394e-12 7.45611273e-13
1.07127217e+01 9.06928346e+01 4.21030544e-11 7.35450964e-13
6.86971101e+00 9.10892503e+01 1.94774197e-11 1.51862773e-13
1.25626708e+01 1.02919186e+02 2.71269340e-11 6.98564175e-13
7.54888957e+00 9.83323240e+01 4.88910034e-12 8.57676437e-13
1.29603475e+01 1.00343999e+02 4.71326626e-11 5.83930629e-13
1.16760110e+01 1.04825477e+02 1.96649777e-11 3.46660784e-13
9.87229221e+00 8.53950661e+01 2.33989728e-11 3.64643650e-13
6.99103156e+00 9.47722436e+01 9.63307924e-12 8.17726960e-13
7.57785325e+00 1.00150458e+02 9.12106347e-12 1.31115610e-13
1.08119875e+01 8.30209778e+01 1.37165630e-11 7.15053333e-13
1.42236825e+01 7.93881964e+01 2.85360239e-11 8.46654431e-13
7.01550160e+00 9.04541279e+01 1.31147882e-11 5.13356967e-13
1.05477670e+01 9.01912031e+01 4.22075708e-11 5.77876800e-13
7.16738590e+00 9.00285165e+01 1.08766883e-11 6.65079468e-13
9.48540971e+00 8.47422213e+01 9.72340725e-12 6.43930827e-13
8.59954216e+00 8.74901826e+01 1.72702183e-11 5.64066169e-13
1.25427173e+01 1.01561829e+02 2.92452832e-11 9.19391354e-13
9.92354039e+00 9.12260856e+01 4.36608295e-11 1.40361432e-13
1.13946888e+01 1.01669227e+02 2.08675507e-11 7.93466612e-13
1.12806641e+01 8.45596044e+01 2.98927895e-11 6.59513375e-13
1.09559948e+01 9.24970601e+01 4.71838309e-11 6.24190184e-13
6.51227614e+00 9.28589211e+01 1.49332427e-11 3.49204695e-13
1.56280759e+01 7.66933979e+01 2.09884224e-11 9.49346399e-13
6.40999252e+00 9.29887146e+01 9.98664527e-12 5.33439426e-13
1.48860690e+01 7.93917463e+01 4.18993009e-11 7.91150084e-13
6.55381050e+00 9.61664181e+01 8.58644280e-12 3.60377818e-13
6.38054336e+00 9.43436571e+01 6.37710394e-12 6.74229535e-13
8.95225725e+00 9.80988169e+01 4.31081776e-12 8.10646279e-14
6.68239155e+00 9.10892503e+01 6.55116787e-12 6.61292109e-13
6.44088775e+00 9.32366894e+01 1.22641608e-11 4.53278057e-13
1.23627756e+01 9.24970601e+01 3.41666073e-12 3.12458243e-14
1.00129241e+01 9.52061150e+01 3.38962890e-11 5.66816361e-13
8.16960046e+00 8.98866491e+01 4.62026657e-12 2.57706082e-13
8.67298749e+00 8.89256189e+01 2.32851096e-11 5.08940596e-13
9.36257833e+00 8.71685910e+01 2.19564817e-11 6.28876114e-13
7.64219876e+00 9.08157929e+01 2.11152994e-11 3.93990017e-13
7.45683461e+00 9.95724506e+01 2.47240738e-12 6.43741574e-13
7.85245658e+00 9.05514043e+01 2.31740308e-11 3.37053797e-13
8.61484103e+00 8.62293526e+01 1.03107563e-11 4.34416074e-13
8.43042934e+00 9.95410987e+01 1.31923979e-11 5.34354732e-13
6.41292809e+00 9.27767226e+01 1.35043663e-11 3.06751571e-13
6.71298468e+00 9.10683975e+01 1.90279540e-11 1.31534300e-14
8.51919996e+00 9.76836344e+01 2.12900195e-11 3.83175861e-13
6.97993206e+00 9.22028354e+01 1.31721084e-11 6.71236632e-13
1.34119885e+01 7.88082410e+01 2.07338377e-11 1.31115610e-13
1.07068548e+01 1.03771152e+02 1.24186838e-11 6.00183471e-13
9.21896790e+00 8.55576366e+01 1.74674800e-11 3.35657921e-13
8.09239854e+00 9.16953442e+01 2.14833905e-11 5.95758869e-13
7.47033121e+00 9.00285165e+01 1.65058295e-11 5.05404730e-13
6.71063293e+00 9.09919568e+01 6.62134227e-12 6.95503079e-13
8.37038312e+00 9.58302608e+01 1.91446530e-11 6.60375710e-13
6.40281544e+00 9.31723113e+01 8.81380066e-12 3.94060450e-13
6.40148922e+00 9.31375366e+01 1.46406631e-11 2.67545020e-13
8.48721821e+00 8.68922863e+01 1.95805969e-11 1.60565426e-13
8.93027383e+00 1.02198001e+02 3.35648098e-12 7.71770142e-13
7.30654847e+00 9.07573087e+01 1.94158227e-11 3.45621917e-13
7.37252615e+00 8.91132967e+01 1.24351513e-11 1.70070126e-13
9.76325398e+00 1.01248842e+02 2.55947144e-11 3.71138376e-14
7.90749272e+00 9.91326055e+01 1.54292034e-11 2.96555556e-13
9.52694670e+00 8.45889947e+01 1.56333880e-11 2.71391441e-15
1.13523085e+01 8.19745601e+01 1.14665961e-11 7.76834628e-13
1.20617997e+01 8.10824518e+01 1.75644024e-11 5.13356967e-13
9.12706637e+00 9.19612439e+01 3.81452733e-11 6.33457300e-14
1.30662592e+01 7.98794844e+01 1.43149453e-11 9.49346399e-13
7.21981882e+00 9.83323240e+01 1.35829637e-11 2.27393246e-13
9.86507196e+00 9.29887146e+01 4.17341124e-11 2.14117176e-13
6.63247356e+00 9.20491090e+01 8.96510702e-12 2.96507262e-13
9.09447378e+00 9.73771277e+01 2.98927895e-11 1.45354662e-13
1.12160623e+01 8.93718636e+01 4.37253408e-11 9.49112732e-13
8.99971902e+00 9.61664181e+01 2.54775776e-11 4.96397057e-13
8.33947946e+00 9.93909777e+01 1.72271179e-11 3.10039366e-13
9.19296254e+00 9.48546508e+01 2.98927895e-11 4.51875159e-13
6.88722211e+00 9.03623126e+01 1.26394849e-11 3.27311298e-13
9.26277993e+00 9.42381436e+01 2.97617142e-11 5.35327600e-13
1.21578006e+01 9.95410987e+01 1.71209474e-12 1.09069073e-13
6.83563777e+00 9.37359879e+01 1.44485568e-11 5.40141754e-13
6.58117212e+00 9.62571163e+01 9.61810072e-12 2.43335455e-13
6.75859933e+00 9.45614435e+01 1.19047822e-11 6.11002987e-13
6.59700491e+00 9.22560895e+01 9.84317045e-12 6.71236632e-13
7.15450600e+00 9.17024038e+01 1.03107563e-11 1.54721825e-14
6.48130742e+00 9.33120782e+01 9.38862245e-12 2.59739275e-13
6.82995329e+00 9.18748325e+01 1.74674800e-11 3.35657921e-13
6.35736997e+00 9.34603278e+01 9.21024537e-12 4.53278057e-13
6.48008660e+00 9.21165562e+01 5.86363333e-12 6.81386598e-13
6.55122805e+00 9.60863201e+01 1.27703938e-11 2.10622221e-13
6.46797480e+00 9.22038380e+01 1.58690673e-11 1.23486008e-13
6.40410460e+00 9.27421726e+01 8.84622886e-12 4.82738881e-13
7.46615073e+00 9.97917369e+01 1.10640344e-11 1.27997420e-13
6.59804015e+00 9.34957008e+01 2.87151291e-12 5.42568465e-13
8.99273993e+00 8.56379197e+01 1.10946242e-11 5.53973107e-13
7.83482763e+00 8.78789131e+01 1.62837958e-11 1.31115610e-13
6.79532291e+00 9.10683975e+01 1.27934900e-11 4.86120634e-13
6.79735796e+00 9.70839470e+01 8.31515563e-12 4.87569312e-13
9.30351911e+00 9.80403623e+01 2.36590183e-11 4.73067682e-13
8.40397455e+00 1.00960310e+02 6.49010558e-12 6.43930827e-13
6.92173523e+00 9.32002016e+01 3.35648098e-12 3.97818826e-13
6.93853455e+00 9.18261118e+01 1.05529884e-11 6.33457300e-14
6.61449707e+00 9.53482392e+01 1.01201101e-11 5.64066169e-13
6.35166805e+00 9.37912158e+01 1.48385099e-11 1.26380301e-13
6.87902877e+00 9.20491090e+01 1.34953548e-11 6.02671370e-13
6.57418035e+00 9.32323684e+01 1.67326208e-11 2.94124030e-13
6.35288116e+00 9.37170050e+01 9.67564104e-12 4.05613399e-13
8.01872423e+00 8.77815864e+01 1.71030499e-11 2.71277737e-13
8.50708847e+00 1.00757975e+02 9.98664527e-12 5.33439426e-13
6.42976285e+00 9.24861782e+01 8.19390594e-12 5.70536064e-13
6.49039796e+00 9.36458324e+01 2.46118226e-12 6.31807161e-13
6.97030427e+00 9.67418545e+01 1.31147882e-11 4.02643742e-13
6.72680043e+00 9.48038585e+01 1.54292034e-11 3.79778259e-13
9.70402090e+00 9.48546508e+01 3.38962890e-11 4.51875159e-13
6.40366830e+00 9.27409359e+01 1.52752426e-11 1.58409999e-13
7.29359345e+00 9.41804255e+01 2.09445547e-11 3.17303294e-13
7.03370635e+00 9.56269916e+01 1.83516865e-11 2.71731920e-13
6.45640539e+00 9.33204205e+01 1.89898077e-11 8.53229193e-14
6.80096839e+00 9.73429889e+01 7.57668580e-12 4.37768828e-13
6.45729417e+00 9.22994422e+01 1.73402928e-11 5.22032025e-14
7.33049622e+00 8.93392732e+01 1.25365734e-11 5.03407525e-13
6.38952955e+00 9.31504018e+01 1.31392027e-11 3.35917735e-13
6.48366501e+00 9.36070677e+01 1.13391825e-11 1.27997420e-13
6.35337310e+00 9.39622267e+01 1.52742784e-11 6.77295142e-14
6.38674525e+00 9.30238061e+01 2.87151291e-12 7.92959667e-13
8.37770543e+00 9.14708904e+01 1.97467429e-11 8.03558503e-13
6.38245395e+00 9.47014408e+01 1.02673690e-11 3.27311298e-13
8.50007192e+00 9.31723113e+01 2.76754278e-11 3.94060450e-13
7.10915189e+00 9.13747521e+01 1.55643735e-11 5.40508357e-13
6.82061613e+00 9.47499216e+01 1.77309995e-11 2.94771471e-13
7.38890047e+00 9.95410987e+01 4.04558971e-12 4.80043226e-13
6.46695870e+00 9.24652754e+01 1.37287194e-11 1.26380301e-13
6.56783925e+00 9.16605578e+01 1.30053413e-11 2.43335455e-13
6.35470751e+00 9.37359879e+01 1.50003272e-11 1.58361068e-13
6.67506254e+00 9.33120782e+01 7.27214595e-12 2.59739275e-13
6.79155675e+00 9.67418545e+01 1.31147882e-11 2.97820203e-13
6.50261273e+00 9.24970601e+01 7.95169016e-12 4.07742726e-13
8.27899185e+00 9.07573087e+01 2.31245218e-11 5.31210576e-13
6.49461464e+00 9.46675102e+01 1.19047822e-11 6.52577130e-14
6.37711900e+00 9.46307030e+01 1.13689787e-11 2.78120105e-13
7.39895044e+00 9.90799125e+01 1.05608427e-11 3.33120508e-13
6.76589724e+00 9.18261118e+01 1.05529884e-11 1.44613659e-13
6.41529164e+00 9.45846248e+01 8.70283710e-12 5.65996885e-13
6.47471590e+00 9.23228216e+01 1.52752426e-11 6.18584213e-14
6.62187196e+00 9.15037313e+01 1.50120537e-11 2.67545020e-13
6.85546121e+00 9.33633609e+01 2.19007125e-11 1.28873853e-13
8.06508778e+00 8.89525012e+01 1.69665299e-11 6.01546720e-13
6.38280078e+00 9.29688461e+01 1.59659112e-11 1.00294044e-13
8.01756756e+00 9.25305150e+01 2.87210895e-11 1.59268160e-13
8.08267537e+00 9.32388715e+01 1.57089109e-11 9.24818625e-13
6.60026370e+00 9.21593002e+01 1.73960128e-11 2.23133150e-13
8.76620125e+00 9.60863201e+01 2.28005506e-11 5.68919442e-13
6.66847354e+00 9.18294271e+01 2.10990523e-11 2.08238444e-14
7.83137036e+00 9.43436571e+01 1.66089679e-11 7.36607878e-13
6.71733709e+00 9.10984632e+01 1.60489304e-11 7.45195937e-15
6.57481409e+00 9.57530045e+01 8.57796747e-12 2.31936758e-13
6.55666481e+00 9.43657213e+01 1.61443314e-11 2.81349186e-13
9.28705883e+00 9.90276666e+01 2.09445547e-11 4.73007253e-13
6.42230158e+00 9.32394933e+01 1.40404084e-11 3.34000588e-13
6.39069546e+00 9.35751832e+01 1.88081116e-11 2.71731091e-14
6.64260313e+00 9.28628316e+01 1.97698687e-11 1.52720206e-13
7.31033567e+00 9.02284216e+01 2.27623524e-11 8.01275724e-14
6.41786415e+00 9.41996105e+01 9.98664527e-12 5.33439426e-13
7.44773383e+00 9.71546177e+01 1.83516865e-11 2.54014688e-13
7.27159908e+00 8.92724377e+01 1.39783493e-11 3.03340050e-13
7.76763809e+00 9.80270989e+01 2.14091566e-11 8.53229193e-14
7.05302175e+00 9.29688461e+01 8.10066131e-12 1.00294044e-13
6.35674452e+00 9.40358925e+01 5.89323437e-12 6.74229535e-13
8.33670922e+00 9.24831088e+01 2.27208219e-11 6.27756281e-13
6.69496941e+00 9.33120782e+01 9.06176011e-12 7.98073592e-13
8.48026573e+00 9.17024038e+01 2.02755343e-11 8.21157791e-13
7.71185752e+00 8.86444028e+01 1.71473126e-11 3.18675026e-13
6.37747508e+00 9.46315861e+01 8.31515563e-12 4.87569312e-13
6.42345042e+00 9.41744890e+01 1.13391000e-11 1.66541643e-13
6.38223336e+00 9.30238061e+01 2.87151291e-12 8.08653384e-13
6.64694081e+00 9.27458902e+01 1.50003272e-11 4.27910046e-13
8.08310724e+00 9.40766797e+01 2.12921357e-11 5.70536064e-13
6.86674050e+00 9.27683609e+01 6.86161933e-12 2.36142509e-13
9.11201326e+00 9.37899911e+01 2.12048981e-11 9.88451012e-13
6.69586069e+00 9.10595737e+01 1.66706387e-11 9.34371392e-14
8.15662901e+00 8.97800723e+01 1.65544195e-11 7.84989830e-13
6.96044054e+00 9.28963586e+01 2.11613592e-11 2.13758301e-13
7.87416123e+00 9.41455143e+01 1.86908795e-11 6.43154694e-13
6.77325309e+00 9.20504159e+01 8.57796747e-12 2.31936758e-13
8.37128655e+00 9.51795504e+01 2.49501256e-11 3.92112848e-13
9.02335220e+00 9.68570792e+01 2.53883382e-11 4.31737084e-13
6.35866332e+00 9.36458324e+01 1.73159227e-11 5.29257676e-14
6.41103992e+00 9.26920208e+01 1.14840154e-11 3.27311298e-13
6.88444718e+00 9.55140201e+01 1.55978009e-11 3.76658800e-13
9.34573163e+00 9.40048019e+01 2.58986082e-11 8.09410024e-13
6.63854723e+00 9.38851238e+01 1.77309995e-11 2.59677549e-13
7.22023656e+00 9.65228579e+01 1.30063810e-11 5.43658800e-13
6.36462809e+00 9.43657213e+01 1.04695360e-11 3.91944653e-13
6.73170829e+00 9.37193380e+01 1.94449824e-11 2.10622221e-13
8.41880543e+00 8.99842112e+01 2.05079925e-11 6.84453210e-13
6.44862826e+00 9.37170050e+01 1.18439403e-11 4.82449574e-13
8.21487959e+00 9.41306912e+01 2.25443181e-11 5.42652817e-13
6.82031819e+00 9.27683609e+01 1.97698687e-11 2.36142509e-13
9.41608559e+00 9.26084712e+01 3.28884933e-11 5.03922699e-13
6.58797241e+00 9.26872129e+01 2.00243951e-11 1.00546146e-13
7.70168682e+00 9.58073825e+01 1.37515288e-11 7.42965085e-13
6.53972841e+00 9.20791873e+01 1.38393625e-11 9.87686670e-14
6.58383712e+00 9.24028812e+01 4.72689413e-12 5.33439426e-13
6.41755297e+00 9.46555823e+01 6.39507501e-12 4.64907489e-13
8.89690255e+00 9.67418545e+01 2.48949484e-11 4.27477278e-13
6.99334193e+00 9.35035017e+01 1.88081116e-11 3.56524489e-13
6.73068791e+00 9.51145964e+01 9.92622585e-12 4.30507558e-14
7.85408495e+00 8.99842112e+01 2.05079925e-11 4.38086322e-13
7.65561287e+00 9.03700905e+01 2.34783250e-11 2.18040546e-13
8.21357808e+00 9.75274710e+01 2.09445547e-11 3.21982342e-13
6.36544728e+00 9.42766365e+01 1.52752426e-11 4.65799091e-14
7.50423747e+00 9.54076791e+01 5.89323437e-12 1.03016768e-13
6.39838002e+00 9.43580294e+01 4.46309885e-12 5.92925868e-13
7.76947885e+00 9.31616706e+01 1.67074171e-11 7.57649921e-13
9.15517461e+00 9.41663503e+01 2.15740894e-11 9.60647969e-13
6.72140289e+00 9.57183656e+01 6.59000707e-12 2.42531207e-13
6.72812258e+00 9.45553615e+01 1.97698687e-11 1.52720206e-13
6.93449436e+00 9.07573087e+01 7.18493008e-12 3.95531408e-13
7.94480827e+00 9.44511462e+01 2.27305459e-11 4.20870925e-13
6.45332324e+00 9.31709043e+01 1.67825832e-11 2.05439785e-13
7.06503533e+00 9.32207376e+01 5.54231616e-12 2.34102682e-13
8.32242583e+00 9.59871380e+01 2.01872628e-11 5.70536064e-13
6.59159712e+00 9.30921310e+01 9.06902832e-12 2.14246197e-13
6.51340916e+00 9.19292277e+01 1.66051151e-11 8.49777967e-14
6.40556297e+00 9.40725810e+01 1.79559847e-11 7.86346594e-14
7.06205686e+00 9.26075949e+01 1.98497245e-11 3.26577494e-13
6.40403607e+00 9.48852923e+01 9.84317045e-12 3.18089143e-13
6.49248498e+00 9.50712734e+01 1.03107563e-11 4.95320962e-13
6.38244529e+00 9.31723113e+01 1.41245537e-11 1.27899110e-13
6.36293412e+00 9.33192934e+01 1.29198073e-11 2.74256887e-13
6.54294480e+00 9.60465385e+01 1.38323747e-11 2.86370789e-14
8.27253721e+00 9.67367405e+01 2.29534716e-11 3.22536801e-13
6.72603718e+00 9.47303998e+01 1.75079034e-11 2.67545020e-13
7.17355079e+00 9.26005915e+01 2.22064506e-11 2.31936758e-13
6.51782020e+00 9.39622267e+01 1.98988804e-11 6.56807379e-14
6.39697644e+00 9.46344036e+01 1.50003272e-11 6.94691048e-15
8.30800976e+00 9.41277491e+01 2.15888502e-11 6.31000119e-13
6.46269709e+00 9.29688461e+01 1.30039751e-11 1.00294044e-13
7.29165656e+00 9.09441994e+01 8.84622886e-12 1.19405877e-13
7.43460070e+00 9.42454432e+01 2.24481099e-11 2.76352833e-13
6.36722729e+00 9.32108131e+01 1.31392027e-11 2.35546464e-13
6.59532235e+00 9.39945614e+01 1.04695360e-11 8.86192471e-14
6.81229105e+00 9.29752070e+01 8.65492789e-12 1.41127096e-13
6.64248205e+00 9.14314366e+01 8.64696988e-12 4.30825194e-13
6.44431488e+00 9.45846248e+01 1.38118446e-11 3.13036467e-13
6.37794836e+00 9.32323684e+01 9.40743996e-12 4.02153500e-13
6.59490538e+00 9.52892255e+01 1.41434548e-11 3.33150387e-13
6.49741168e+00 9.33978812e+01 1.13391825e-11 1.27997420e-13
6.34966062e+00 9.37810237e+01 1.60280018e-11 7.22138409e-14
6.38235299e+00 9.40490147e+01 1.35124192e-11 1.00714522e-13
7.01614974e+00 9.42766365e+01 1.52752426e-11 5.38085328e-13
6.39975201e+00 9.40056288e+01 1.88081116e-11 2.71731091e-14
6.70596947e+00 9.10165635e+01 1.55718078e-11 1.55043246e-13
7.11361436e+00 9.45071162e+01 9.98664527e-12 8.60928594e-13
6.60079296e+00 9.64131562e+01 1.55242676e-11 2.53672699e-14
6.36717491e+00 9.33204205e+01 1.29847345e-11 2.10481040e-13
6.46196526e+00 9.35230165e+01 8.31515563e-12 3.23417118e-13
7.60864914e+00 9.51602053e+01 5.89323437e-12 9.27727391e-14
6.58653081e+00 9.21593002e+01 1.73960128e-11 2.13080512e-13
7.48205459e+00 9.31375366e+01 2.34934078e-11 2.67545020e-13
6.45868791e+00 9.40880096e+01 1.75105399e-11 1.52720206e-13
6.78253911e+00 9.07573087e+01 1.56321453e-11 7.57445018e-14
6.38480894e+00 9.41493376e+01 1.85103103e-11 1.38981258e-14
6.59543179e+00 9.49923046e+01 1.79559847e-11 1.52029175e-13
6.56593698e+00 9.34406137e+01 8.19390594e-12 2.59179761e-13
6.42642509e+00 9.24970601e+01 7.95169016e-12 5.87354124e-13
6.35514467e+00 9.36758693e+01 1.70297716e-11 5.72112046e-14
6.35423588e+00 9.40894948e+01 1.34541249e-11 2.35546464e-13
6.55855690e+00 9.56388116e+01 1.64224168e-11 1.27899110e-13
6.50337813e+00 9.20579496e+01 1.44152222e-11 2.61398767e-13
6.39682402e+00 9.49334265e+01 1.50072765e-11 8.77785023e-14
6.40168453e+00 9.42701630e+01 1.00476478e-11 2.65639339e-13
6.46474980e+00 9.53248892e+01 1.73201921e-11 2.56116231e-14
6.35000383e+00 9.36713244e+01 1.04695360e-11 3.91944653e-13
6.45071725e+00 9.36807471e+01 1.31802927e-11 4.85964085e-14
6.49635109e+00 9.38111756e+01 2.06768259e-11 1.38216579e-14
6.44203469e+00 9.26195981e+01 9.67564104e-12 5.58440362e-13
7.41850954e+00 9.35477521e+01 2.31116747e-11 2.59677549e-13
6.57730326e+00 9.56294985e+01 1.67724821e-11 1.27997420e-13
6.40438375e+00 9.49160758e+01 1.10265022e-11 3.51972278e-13
7.18380274e+00 9.20575278e+01 1.95634284e-11 3.76658800e-13
6.36237174e+00 9.41495790e+01 8.64696988e-12 4.30825194e-13
6.35450039e+00 9.40495374e+01 1.52742784e-11 1.26158680e-13
6.36091922e+00 9.38353581e+01 1.73159227e-11 5.29257676e-14
7.16224043e+00 9.40392673e+01 1.90123220e-11 3.88738478e-13
7.60470635e+00 9.33192934e+01 2.05087334e-11 4.77587851e-13
6.38228856e+00 9.35903704e+01 1.53322123e-11 1.38803812e-14
7.49849798e+00 9.42077783e+01 1.99182650e-11 4.43860855e-13
6.53718944e+00 9.19884992e+01 1.48385099e-11 2.84141706e-13
6.87178744e+00 9.33120782e+01 1.97659733e-11 2.58809071e-13
6.62404512e+00 9.44952112e+01 1.31175054e-11 4.82738881e-13
6.83778794e+00 9.22994422e+01 1.88802852e-11 2.81356243e-13
6.59145109e+00 9.29408477e+01 1.79363754e-11 2.31936758e-13
6.44835260e+00 9.27738679e+01 1.19047822e-11 4.59818501e-13
6.52708960e+00 9.34366467e+01 1.19156363e-11 7.22138409e-14
6.45175046e+00 9.23190787e+01 1.42579728e-11 2.11125694e-13
6.42069467e+00 9.49236966e+01 1.54375334e-11 1.41127096e-13
6.36361023e+00 9.35836861e+01 1.48394823e-11 2.04038793e-13
7.03580599e+00 9.60290560e+01 7.32272461e-12 1.00714522e-13
6.69313340e+00 9.14701005e+01 1.96761189e-11 6.85583996e-14
6.39978573e+00 9.42078383e+01 9.98664527e-12 5.14026124e-13
6.37408393e+00 9.34138385e+01 1.13391825e-11 2.72070186e-13
6.43484859e+00 9.50017518e+01 1.13421469e-11 1.79177419e-13
6.48863454e+00 9.40358925e+01 8.78735249e-12 2.52783269e-13
6.86118523e+00 9.37571157e+01 1.60280018e-11 4.58949601e-13
9.13636169e+00 9.62032574e+01 2.39754166e-11 6.28442381e-13
7.93985490e+00 9.23469100e+01 1.96455118e-11 6.56525904e-13
6.77664317e+00 9.71714188e+01 9.22225783e-12 3.84077661e-13
6.69353872e+00 9.26368828e+01 8.19390594e-12 2.42661703e-13
6.79277853e+00 9.42701630e+01 1.00476478e-11 2.12167317e-14
6.46102423e+00 9.38196033e+01 1.34541249e-11 3.98967291e-13
6.82176052e+00 9.26185804e+01 9.67564104e-12 9.97761985e-14
6.80362132e+00 9.21593002e+01 1.73960128e-11 3.45053161e-13
6.37388456e+00 9.31375366e+01 1.56102357e-11 1.41695918e-13
6.51825898e+00 9.19759021e+01 1.75636707e-11 8.23583958e-14
6.39602573e+00 9.42842001e+01 1.55751166e-11 1.86709508e-13
6.43842002e+00 9.25825625e+01 7.95169016e-12 6.50246536e-13
7.18271222e+00 9.47791005e+01 1.02673690e-11 8.51203055e-13
6.87518077e+00 9.49415196e+01 1.63305172e-11 3.81782547e-13
6.41366040e+00 9.30550076e+01 9.65938508e-12 3.43910905e-13
6.67705982e+00 9.11289080e+01 7.24163253e-12 5.99051224e-13
6.37012423e+00 9.44530953e+01 9.43804057e-12 4.47333300e-13
6.38138618e+00 9.44163826e+01 1.58934421e-11 1.27899110e-13
6.46177862e+00 9.51988222e+01 1.75105399e-11 3.62172187e-14
8.80860670e+00 9.27910079e+01 2.26385780e-11 8.17519325e-13
6.38981365e+00 9.46795758e+01 1.59659112e-11 1.00294044e-13
7.10713266e+00 9.46315861e+01 8.31515563e-12 3.24124265e-14
6.42679830e+00 9.48852923e+01 1.24608374e-11 1.17033135e-13
6.91800690e+00 9.53967777e+01 1.67401126e-11 3.38127971e-13
6.79201140e+00 9.39622267e+01 1.81622305e-11 3.02063361e-13
6.36936637e+00 9.45427348e+01 1.60862343e-11 4.58784634e-14
6.59534747e+00 9.32323684e+01 1.10265022e-11 9.03034069e-14
8.44383467e+00 9.31876801e+01 2.43013268e-11 5.65996885e-13
6.57343072e+00 9.49236966e+01 1.73692409e-11 1.77992071e-13
6.38079597e+00 9.41784410e+01 1.44603739e-11 4.74009817e-14
7.59977486e+00 9.38876873e+01 2.70658497e-11 8.42994706e-14
6.37687450e+00 9.32041168e+01 1.62197735e-11 2.30231215e-14
6.77432554e+00 9.39815382e+01 2.28382582e-11 2.71731091e-14
6.38762283e+00 9.30533065e+01 1.35124192e-11 1.72583042e-13
6.43574118e+00 9.36601143e+01 1.25943505e-11 4.30825194e-13
6.69605296e+00 9.43117536e+01 1.02202749e-11 4.65799091e-14
6.65305476e+00 9.30677764e+01 7.99299159e-12 2.42065119e-13
6.37169487e+00 9.45521658e+01 1.55718078e-11 8.11137584e-14
6.76809535e+00 9.33299662e+01 1.02401154e-11 4.90272601e-14
8.32508901e+00 9.50432341e+01 1.48394823e-11 9.56678686e-13
6.48343164e+00 9.36458324e+01 1.26414220e-11 5.29257676e-14
6.42173772e+00 9.48566362e+01 1.12997296e-11 1.89890270e-13
8.01031648e+00 9.43494683e+01 1.84862235e-11 6.90368206e-13
7.34183849e+00 9.29892863e+01 1.49009925e-11 7.14824570e-13
6.35154860e+00 9.40894948e+01 1.52608376e-11 1.17872175e-13
6.35110284e+00 9.37785675e+01 1.24826335e-11 2.53114869e-13
6.45867866e+00 9.43473435e+01 1.59659112e-11 2.25443112e-13
6.41819415e+00 9.44749201e+01 8.31515563e-12 3.45141914e-13
6.39533617e+00 9.34590912e+01 1.47191155e-11 2.65639339e-13
6.40453179e+00 9.33886606e+01 1.25861907e-11 1.52720206e-13
6.45017550e+00 9.24970601e+01 1.71427517e-11 1.18688376e-13
6.45961920e+00 9.43494683e+01 1.84862235e-11 8.30926251e-14
6.43809886e+00 9.26274552e+01 1.58315731e-11 2.30231215e-14
6.40365814e+00 9.40325742e+01 1.31088075e-11 8.99174834e-14
6.38875591e+00 9.33435183e+01 1.68008760e-11 1.33167379e-13
6.82180395e+00 9.38441549e+01 1.68735266e-11 3.91944653e-13
6.36151530e+00 9.43473435e+01 1.25020398e-11 2.25443112e-13
6.39812890e+00 9.36771938e+01 1.38332334e-11 6.77295142e-14
6.70491076e+00 9.40453708e+01 1.27960207e-11 5.65996885e-13
6.37599927e+00 9.30898930e+01 1.58749477e-11 7.96700924e-14
7.66138285e+00 9.35621878e+01 1.58728875e-11 7.56845104e-13
7.94622419e+00 9.44749201e+01 1.44603739e-11 8.89633307e-13
6.61297586e+00 9.24903440e+01 9.67564104e-12 2.17733543e-13
6.36151530e+00 9.43473435e+01 1.25020398e-11 2.25443112e-13
6.55372181e+00 9.34138385e+01 1.13391825e-11 8.76165515e-14
7.40909110e+00 9.44896866e+01 1.90575387e-11 4.48150364e-13
8.27925804e+00 9.34495052e+01 1.99424510e-11 7.45655284e-13
6.40482089e+00 9.27767226e+01 1.24765775e-11 3.41494010e-13
6.36905963e+00 9.38786628e+01 1.41870289e-11 8.84770259e-14
8.84520689e+00 9.40507525e+01 2.21285204e-11 8.08653384e-13
8.42429264e+00 9.30729974e+01 2.08729526e-11 7.58058861e-13
6.35723911e+00 9.38111756e+01 1.61162302e-11 1.11880322e-13
7.15437124e+00 9.47486466e+01 1.98549904e-11 2.99618968e-13
7.01806985e+00 9.32645227e+01 2.07376685e-11 2.59739275e-13
7.22791460e+00 9.41957572e+01 2.24953628e-11 2.05766312e-13
6.61519460e+00 9.35751832e+01 1.88081116e-11 1.95361740e-13
8.13881007e+00 9.38537774e+01 1.97722015e-11 6.88190980e-13
8.58490577e+00 9.39794627e+01 1.85619949e-11 9.14982514e-13
7.80001675e+00 9.41495790e+01 1.99705044e-11 5.44891466e-13
6.35641165e+00 9.40370321e+01 1.14976585e-11 2.74127199e-13
6.38037666e+00 9.39795614e+01 1.73147854e-11 8.69052915e-14
6.36821900e+00 9.33269450e+01 1.22830802e-11 2.47054124e-13
6.49147218e+00 9.45427348e+01 1.83241617e-11 1.01445776e-13
6.90453869e+00 9.34436148e+01 1.35124192e-11 6.27576971e-13
7.55124479e+00 9.45798527e+01 2.12726706e-11 3.64093118e-13
6.35081986e+00 9.38734436e+01 1.62635056e-11 4.05170155e-14
6.36208871e+00 9.33192934e+01 1.69904969e-11 3.35879851e-14
6.36804643e+00 9.40724968e+01 1.82389670e-11 4.75229493e-15
6.36054614e+00 9.36184188e+01 1.54088489e-11 1.63843704e-13
6.38534357e+00 9.42975814e+01 1.68008760e-11 9.90732300e-14
8.10997216e+00 9.39679670e+01 1.76983816e-11 7.90413198e-13
6.42769958e+00 9.40358925e+01 1.51670374e-11 2.64279935e-13
6.42374685e+00 9.40658390e+01 1.44603739e-11 2.96847179e-13
8.75432426e+00 9.43019195e+01 1.90773642e-11 9.30364117e-13
6.37962828e+00 9.30090477e+01 1.11721642e-11 3.81939078e-13
6.67093117e+00 9.27767226e+01 1.67777586e-11 3.38127971e-13
8.15946341e+00 9.35594319e+01 2.04658063e-11 6.67810763e-13
6.38509716e+00 9.36077017e+01 1.21096259e-11 4.02245404e-13
6.35052591e+00 9.39616524e+01 1.18960819e-11 3.00258272e-13
6.36586352e+00 9.32752572e+01 1.77804307e-11 1.16528919e-14
7.22889686e+00 9.45767932e+01 2.18183027e-11 2.25443112e-13
6.36576559e+00 9.43473435e+01 1.26970721e-11 2.78048778e-13
6.35936614e+00 9.41732913e+01 1.40769334e-11 2.08453895e-13
6.35615499e+00 9.41278857e+01 1.59127001e-11 1.01789488e-13
7.20069763e+00 9.39808479e+01 8.31515563e-12 2.65456125e-14
6.36296852e+00 9.43309105e+01 1.52100175e-11 1.21489379e-13
6.38531384e+00 9.34341616e+01 1.41870289e-11 8.84770259e-14
6.62233950e+00 9.29952921e+01 1.70297716e-11 3.01903867e-13
6.42020863e+00 9.50361604e+01 1.64796247e-11 5.93729197e-14
6.38265637e+00 9.47310971e+01 1.52082996e-11 7.69995763e-14
6.42216507e+00 9.38502730e+01 1.04695360e-11 2.23266748e-13
7.34065930e+00 9.43974247e+01 2.24257877e-11 2.39196687e-13
6.38322986e+00 9.32041168e+01 1.79092319e-11 5.08388441e-14
6.46730446e+00 9.37205600e+01 1.89533262e-11 9.25841494e-14
6.35054827e+00 9.39360538e+01 1.43692899e-11 1.41127096e-13
6.36626698e+00 9.32745777e+01 1.59376234e-11 6.52476559e-14
7.01418117e+00 9.42899520e+01 1.25861907e-11 6.89688021e-13
6.35469918e+00 9.41485979e+01 1.45259204e-11 1.12546547e-13
8.30193290e+00 9.47014408e+01 1.95683121e-11 7.07396763e-13
8.20552782e+00 9.40601639e+01 1.75644397e-11 8.27514291e-13
6.38008512e+00 9.33547313e+01 1.79718221e-11 5.29257676e-14
6.44383850e+00 9.37359879e+01 1.50003272e-11 2.98094762e-13
7.55395877e+00 9.38999285e+01 1.83458412e-11 5.65996885e-13
6.35985548e+00 9.40490147e+01 1.05508116e-11 3.15179262e-13
6.53357175e+00 9.39781153e+01 1.22213187e-11 2.71731091e-14
6.35069274e+00 9.37912158e+01 1.60715735e-11 5.56164484e-14
7.39015724e+00 9.36798690e+01 2.03513132e-11 4.04255866e-13
6.37400415e+00 9.33269450e+01 1.33057282e-11 1.73362342e-13
6.50553662e+00 9.31502923e+01 1.60862343e-11 2.86472460e-13
6.35787565e+00 9.35811995e+01 1.58903796e-11 1.17882069e-13
6.54296790e+00 9.40370321e+01 1.59944120e-11 3.00226371e-13
6.34966062e+00 9.37810237e+01 1.60280018e-11 7.22138409e-14
6.34917980e+00 9.37810237e+01 1.60280018e-11 7.22138409e-14
6.35039698e+00 9.37810237e+01 1.60280019e-11 7.22138409e-14
6.34938380e+00 9.37810237e+01 1.60280018e-11 7.22138419e-14
1.07955885e+01 1.05000000e+02 1.00000000e-12 1.00000000e-12
1.07957247e+01 1.05000000e+02 1.00000000e-12 1.00000000e-12
1.07959675e+01 1.05000000e+02 1.00000010e-12 1.00000000e-12
1.07954977e+01 1.05000000e+02 1.00000000e-12 9.99999999e-13
6.89586106e+00 9.72714237e+01 1.13525540e-11 3.60862712e-13
6.89611531e+00 9.72714237e+01 1.13525540e-11 3.60862712e-13
6.89614291e+00 9.72714237e+01 1.13525541e-11 3.60862712e-13
6.89541963e+00 9.72714237e+01 1.13525540e-11 3.60862713e-13
6.39888925e+00 9.48428466e+01 1.46056727e-11 1.60024400e-13
6.39845166e+00 9.48428466e+01 1.46056727e-11 1.60024400e-13
6.39974885e+00 9.48428466e+01 1.46056728e-11 1.60024400e-13
6.39992684e+00 9.48428466e+01 1.46056727e-11 1.60024401e-13
6.35659087e+00 9.42062765e+01 1.54583687e-11 1.07381370e-13
6.35709597e+00 9.42062765e+01 1.54583687e-11 1.07381370e-13
6.35747734e+00 9.42062765e+01 1.54583688e-11 1.07381370e-13
6.35677401e+00 9.42062765e+01 1.54583687e-11 1.07381371e-13
6.35147414e+00 9.39728907e+01 1.57709928e-11 8.80808486e-14
6.35124451e+00 9.39728907e+01 1.57709928e-11 8.80808486e-14
6.35121364e+00 9.39728907e+01 1.57709929e-11 8.80808486e-14
6.35152984e+00 9.39728907e+01 1.57709928e-11 8.80808496e-14
6.34967175e+00 9.38393875e+01 1.59498225e-11 7.70404098e-14
6.34877477e+00 9.38393875e+01 1.59498225e-11 7.70404098e-14
6.34838865e+00 9.38393875e+01 1.59498226e-11 7.70404098e-14
6.34928718e+00 9.38393875e+01 1.59498225e-11 7.70404108e-14
6.34936729e+00 9.37920791e+01 1.60131929e-11 7.31281010e-14
6.34774666e+00 9.37920791e+01 1.60131929e-11 7.31281010e-14
6.34988052e+00 9.37920791e+01 1.60131930e-11 7.31281010e-14
6.34958598e+00 9.37920791e+01 1.60131929e-11 7.31281020e-14
6.34990659e+00 9.37827528e+01 1.60256857e-11 7.23568328e-14
6.34959280e+00 9.37827528e+01 1.60256857e-11 7.23568328e-14
6.35004153e+00 9.37827528e+01 1.60256858e-11 7.23568328e-14
6.35038452e+00 9.37827528e+01 1.60256857e-11 7.23568338e-14
6.34949300e+00 9.37816231e+01 1.60271989e-11 7.22634080e-14
6.34941267e+00 9.37816231e+01 1.60271989e-11 7.22634080e-14
6.34964091e+00 9.37816231e+01 1.60271990e-11 7.22634080e-14
6.34830734e+00 9.37816231e+01 1.60271989e-11 7.22634090e-14
6.34972497e+00 9.37811352e+01 1.60278524e-11 7.22230634e-14
6.35002161e+00 9.37811352e+01 1.60278524e-11 7.22230634e-14
6.34961843e+00 9.37811352e+01 1.60278525e-11 7.22230634e-14
6.34964382e+00 9.37811352e+01 1.60278524e-11 7.22230644e-14
6.34921078e+00 9.37810668e+01 1.60279441e-11 7.22174060e-14
6.34964796e+00 9.37810668e+01 1.60279441e-11 7.22174060e-14
6.34949268e+00 9.37810668e+01 1.60279442e-11 7.22174060e-14
6.34898497e+00 9.37810668e+01 1.60279441e-11 7.22174070e-14
6.34968118e+00 9.37810400e+01 1.60279799e-11 7.22151924e-14
6.35074491e+00 9.37810400e+01 1.60279799e-11 7.22151924e-14
6.34985690e+00 9.37810400e+01 1.60279800e-11 7.22151924e-14
6.34915708e+00 9.37810400e+01 1.60279799e-11 7.22151934e-14
6.34979347e+00 9.37810313e+01 1.60279916e-11 7.22144692e-14
6.34912087e+00 9.37810313e+01 1.60279916e-11 7.22144692e-14
6.34943924e+00 9.37810313e+01 1.60279917e-11 7.22144692e-14
6.34985094e+00 9.37810313e+01 1.60279916e-11 7.22144702e-14
6.34958995e+00 9.37810255e+01 1.60279994e-11 7.22139902e-14
6.35025411e+00 9.37810255e+01 1.60279994e-11 7.22139902e-14
6.35060399e+00 9.37810255e+01 1.60279995e-11 7.22139902e-14
6.34930021e+00 9.37810255e+01 1.60279994e-11 7.22139912e-14
6.35035443e+00 9.37810244e+01 1.60280009e-11 7.22139001e-14
6.35035003e+00 9.37810244e+01 1.60280009e-11 7.22139001e-14
6.35010011e+00 9.37810244e+01 1.60280010e-11 7.22139001e-14
6.35026866e+00 9.37810244e+01 1.60280009e-11 7.22139011e-14
6.34919110e+00 9.37810239e+01 1.60280015e-11 7.22138597e-14
6.34960839e+00 9.37810239e+01 1.60280015e-11 7.22138597e-14
6.34963190e+00 9.37810239e+01 1.60280016e-11 7.22138597e-14
6.34967794e+00 9.37810239e+01 1.60280015e-11 7.22138607e-14
6.34898000e+00 9.37810238e+01 1.60280017e-11 7.22138505e-14
6.35004997e+00 9.37810238e+01 1.60280017e-11 7.22138505e-14
6.34970405e+00 9.37810238e+01 1.60280018e-11 7.22138505e-14
6.35125296e+00 9.37810238e+01 1.60280017e-11 7.22138515e-14
6.34915667e+00 9.37810238e+01 1.60280017e-11 7.22138470e-14
6.34955375e+00 9.37810238e+01 1.60280017e-11 7.22138470e-14
6.34972283e+00 9.37810238e+01 1.60280018e-11 7.22138470e-14
6.34956375e+00 9.37810238e+01 1.60280017e-11 7.22138480e-14
6.34924379e+00 9.37810237e+01 1.60280012e-11 7.22138432e-14
6.34894398e+00 9.37810237e+01 1.60280012e-11 7.22138432e-14
6.35061120e+00 9.37810237e+01 1.60280013e-11 7.22138432e-14
6.34964902e+00 9.37810237e+01 1.60280012e-11 7.22138442e-14
6.35003587e+00 9.37810238e+01 1.60280016e-11 7.22138463e-14
6.34819844e+00 9.37810238e+01 1.60280016e-11 7.22138463e-14
6.35000917e+00 9.37810238e+01 1.60280017e-11 7.22138463e-14
6.34885469e+00 9.37810238e+01 1.60280016e-11 7.22138473e-14
6.35024108e+00 9.37810238e+01 1.60280017e-11 7.22138468e-14
6.34929765e+00 9.37810238e+01 1.60280017e-11 7.22138468e-14
6.34915315e+00 9.37810238e+01 1.60280018e-11 7.22138468e-14
6.35003850e+00 9.37810238e+01 1.60280017e-11 7.22138478e-14
6.34904371e+00 9.37810238e+01 1.60280017e-11 7.22138470e-14
6.35010173e+00 9.37810238e+01 1.60280017e-11 7.22138470e-14
6.34928644e+00 9.37810238e+01 1.60280018e-11 7.22138470e-14
6.34936773e+00 9.37810238e+01 1.60280017e-11 7.22138480e-14
6.34921531e+00 9.37810238e+01 1.60280017e-11 7.22138470e-14
6.35012413e+00 9.37810238e+01 1.60280017e-11 7.22138470e-14
6.35017666e+00 9.37810238e+01 1.60280018e-11 7.22138470e-14
6.34980599e+00 9.37810238e+01 1.60280017e-11 7.22138480e-14
6.34874848e+00 9.37810238e+01 1.60280017e-11 7.22138470e-14
6.34930368e+00 9.37810238e+01 1.60280017e-11 7.22138470e-14
6.34872274e+00 9.37810238e+01 1.60280018e-11 7.22138470e-14
6.34943087e+00 9.37810238e+01 1.60280017e-11 7.22138480e-14
6.34977356e+00 9.37810235e+01 1.60279996e-11 7.22138190e-14
6.34931812e+00 9.37810235e+01 1.60279996e-11 7.22138190e-14
6.34877804e+00 9.37810235e+01 1.60279997e-11 7.22138190e-14
6.34903208e+00 9.37810235e+01 1.60279996e-11 7.22138200e-14
6.35021339e+00 9.37810236e+01 1.60280006e-11 7.22138327e-14
6.34922374e+00 9.37810236e+01 1.60280006e-11 7.22138327e-14
6.34844206e+00 9.37810236e+01 1.60280007e-11 7.22138327e-14
6.34841718e+00 9.37810236e+01 1.60280006e-11 7.22138337e-14
6.34957632e+00 9.37810237e+01 1.60280012e-11 7.22138394e-14
6.34874577e+00 9.37810237e+01 1.60280012e-11 7.22138394e-14
6.35039820e+00 9.37810237e+01 1.60280013e-11 7.22138394e-14
6.34937610e+00 9.37810237e+01 1.60280012e-11 7.22138404e-14
6.35047709e+00 9.37810237e+01 1.60280015e-11 7.22138445e-14
6.34934949e+00 9.37810237e+01 1.60280015e-11 7.22138445e-14
6.34912550e+00 9.37810237e+01 1.60280016e-11 7.22138445e-14
6.34996593e+00 9.37810237e+01 1.60280015e-11 7.22138455e-14
6.34870538e+00 9.37810238e+01 1.60280017e-11 7.22138462e-14
6.34941729e+00 9.37810238e+01 1.60280017e-11 7.22138462e-14
6.35003994e+00 9.37810238e+01 1.60280018e-11 7.22138462e-14
6.34988569e+00 9.37810238e+01 1.60280017e-11 7.22138472e-14
6.34947085e+00 9.37810237e+01 1.60280016e-11 7.22138457e-14
6.34866535e+00 9.37810238e+01 1.60280016e-11 7.22138457e-14
6.34836282e+00 9.37810237e+01 1.60280017e-11 7.22138457e-14
6.35032716e+00 9.37810237e+01 1.60280016e-11 7.22138467e-14
6.34901829e+00 9.37810238e+01 1.60280016e-11 7.22138461e-14
6.34934543e+00 9.37810238e+01 1.60280016e-11 7.22138461e-14
6.35025990e+00 9.37810238e+01 1.60280017e-11 7.22138461e-14
6.34886217e+00 9.37810238e+01 1.60280016e-11 7.22138471e-14
6.34870538e+00 9.37810238e+01 1.60280017e-11 7.22138462e-14
6.34941729e+00 9.37810238e+01 1.60280017e-11 7.22138462e-14
6.35003994e+00 9.37810238e+01 1.60280018e-11 7.22138462e-14
6.34988569e+00 9.37810238e+01 1.60280017e-11 7.22138472e-14
6.35057395e+00 9.37810231e+01 1.60279968e-11 7.22137805e-14
6.34979995e+00 9.37810231e+01 1.60279968e-11 7.22137805e-14
6.35033829e+00 9.37810231e+01 1.60279969e-11 7.22137805e-14
6.34958846e+00 9.37810231e+01 1.60279968e-11 7.22137815e-14
6.34930072e+00 9.37810234e+01 1.60279995e-11 7.22138170e-14
6.34967918e+00 9.37810235e+01 1.60279995e-11 7.22138170e-14
6.35050996e+00 9.37810234e+01 1.60279996e-11 7.22138170e-14
6.34944073e+00 9.37810234e+01 1.60279995e-11 7.22138180e-14
6.34981448e+00 9.37810237e+01 1.60280011e-11 7.22138386e-14
6.34967723e+00 9.37810237e+01 1.60280011e-11 7.22138386e-14
6.35036033e+00 9.37810237e+01 1.60280012e-11 7.22138386e-14
6.34959399e+00 9.37810237e+01 1.60280011e-11 7.22138396e-14
6.34941493e+00 9.37810237e+01 1.60280015e-11 7.22138439e-14
6.35044139e+00 9.37810237e+01 1.60280015e-11 7.22138439e-14
6.34954308e+00 9.37810237e+01 1.60280016e-11 7.22138439e-14
6.34924402e+00 9.37810237e+01 1.60280015e-11 7.22138449e-14
6.34962492e+00 9.37810237e+01 1.60280016e-11 7.22138456e-14
6.35009041e+00 9.37810238e+01 1.60280016e-11 7.22138456e-14
6.34895800e+00 9.37810237e+01 1.60280017e-11 7.22138456e-14
6.34871298e+00 9.37810237e+01 1.60280016e-11 7.22138466e-14
6.34958615e+00 9.37810238e+01 1.60280016e-11 7.22138461e-14
6.34995850e+00 9.37810238e+01 1.60280016e-11 7.22138461e-14
6.34986247e+00 9.37810238e+01 1.60280017e-11 7.22138461e-14
6.34897393e+00 9.37810238e+01 1.60280016e-11 7.22138471e-14
6.35013711e+00 9.37810238e+01 1.60280017e-11 7.22138462e-14
6.34919978e+00 9.37810238e+01 1.60280017e-11 7.22138462e-14
6.34964364e+00 9.37810238e+01 1.60280018e-11 7.22138462e-14
6.34837876e+00 9.37810238e+01 1.60280017e-11 7.22138472e-14
6.34957180e+00 9.37810238e+01 1.60280017e-11 7.22138462e-14
6.34954617e+00 9.37810238e+01 1.60280017e-11 7.22138462e-14
6.35003695e+00 9.37810238e+01 1.60280018e-11 7.22138462e-14
6.34880382e+00 9.37810238e+01 1.60280017e-11 7.22138472e-14
6.34870538e+00 9.37810238e+01 1.60280017e-11 7.22138462e-14
6.34941729e+00 9.37810238e+01 1.60280017e-11 7.22138462e-14
6.35003994e+00 9.37810238e+01 1.60280018e-11 7.22138462e-14
6.34988569e+00 9.37810238e+01 1.60280017e-11 7.22138472e-14
6.34946719e+00 9.37810238e+01 1.60280017e-11 7.22138462e-14
6.35069958e+00 9.37810238e+01 1.60280017e-11 7.22138462e-14
6.34911770e+00 9.37810238e+01 1.60280018e-11 7.22138462e-14
6.35010828e+00 9.37810238e+01 1.60280017e-11 7.22138472e-14
6.34870538e+00 9.37810238e+01 1.60280017e-11 7.22138462e-14
6.34941729e+00 9.37810238e+01 1.60280017e-11 7.22138462e-14
6.35003994e+00 9.37810238e+01 1.60280018e-11 7.22138462e-14
6.34988569e+00 9.37810238e+01 1.60280017e-11 7.22138472e-14
6.34887505e+00 9.37810238e+01 1.60280017e-11 7.22138462e-14
6.35065523e+00 9.37810238e+01 1.60280017e-11 7.22138462e-14
6.34970096e+00 9.37810238e+01 1.60280018e-11 7.22138462e-14
6.34858073e+00 9.37810238e+01 1.60280017e-11 7.22138472e-14
6.34870538e+00 9.37810238e+01 1.60280017e-11 7.22138462e-14
6.34941729e+00 9.37810238e+01 1.60280017e-11 7.22138462e-14
6.35003994e+00 9.37810238e+01 1.60280018e-11 7.22138462e-14
6.34988569e+00 9.37810238e+01 1.60280017e-11 7.22138472e-14
6.34912142e+00 9.37810238e+01 1.60280017e-11 7.22138462e-14
6.35008415e+00 9.37810238e+01 1.60280017e-11 7.22138462e-14
6.35037502e+00 9.37810238e+01 1.60280018e-11 7.22138462e-14
6.34874896e+00 9.37810238e+01 1.60280017e-11 7.22138472e-14
6.34870538e+00 9.37810238e+01 1.60280017e-11 7.22138462e-14
6.34941729e+00 9.37810238e+01 1.60280017e-11 7.22138462e-14
6.35003994e+00 9.37810238e+01 1.60280018e-11 7.22138462e-14
6.34988569e+00 9.37810238e+01 1.60280017e-11 7.22138472e-14
6.34921706e+00 9.37810238e+01 1.60280017e-11 7.22138462e-14
6.34964536e+00 9.37810238e+01 1.60280017e-11 7.22138462e-14
6.34937778e+00 9.37810238e+01 1.60280018e-11 7.22138462e-14
6.34797945e+00 9.37810238e+01 1.60280017e-11 7.22138472e-14
3.1457453e+01  7.5000000e+01  1.0000000e-12  1.0000000e-15
3.14575547e+01 7.50000000e+01 1.00000000e-12 1.00000000e-15
3.14576663e+01 7.50000000e+01 1.00000010e-12 1.00000000e-15
3.14575326e+01 7.50000000e+01 1.00000000e-12 1.00000100e-15
8.14543505e+00 8.79457179e+01 1.13587681e-11 5.00875458e-14
8.14496356e+00 8.79457179e+01 1.13587681e-11 5.00875458e-14
8.14464892e+00 8.79457179e+01 1.13587682e-11 5.00875458e-14
8.14561331e+00 8.79457179e+01 1.13587681e-11 5.00875468e-14
6.74569668e+00 9.12013776e+01 1.39638476e-11 6.24323492e-14
6.74410164e+00 9.12013776e+01 1.39638476e-11 6.24323492e-14
6.74442733e+00 9.12013776e+01 1.39638477e-11 6.24323492e-14
6.74473315e+00 9.12013776e+01 1.39638476e-11 6.24323502e-14
6.47201920e+00 9.23910208e+01 1.49157637e-11 6.69432359e-14
6.47410781e+00 9.23910208e+01 1.49157637e-11 6.69432359e-14
6.47383702e+00 9.23910208e+01 1.49157638e-11 6.69432359e-14
6.47194209e+00 9.23910208e+01 1.49157637e-11 6.69432369e-14
6.35240169e+00 9.36025256e+01 1.58851729e-11 7.15370172e-14
6.35278938e+00 9.36025256e+01 1.58851729e-11 7.15370172e-14
6.35179678e+00 9.36025256e+01 1.58851730e-11 7.15370172e-14
6.35128575e+00 9.36025256e+01 1.58851729e-11 7.15370182e-14
6.34997366e+00 9.37307871e+01 1.59878038e-11 7.20233590e-14
6.34977991e+00 9.37307871e+01 1.59878038e-11 7.20233590e-14
6.34919197e+00 9.37307871e+01 1.59878039e-11 7.20233590e-14
6.35031218e+00 9.37307871e+01 1.59878038e-11 7.20233600e-14
6.34941442e+00 9.37617840e+01 1.60126066e-11 7.21408930e-14
6.34943473e+00 9.37617840e+01 1.60126066e-11 7.21408930e-14
6.35018553e+00 9.37617840e+01 1.60126067e-11 7.21408930e-14
6.34974128e+00 9.37617840e+01 1.60126066e-11 7.21408940e-14
6.34963929e+00 9.37749511e+01 1.60231425e-11 7.21908199e-14
6.34910893e+00 9.37749511e+01 1.60231425e-11 7.21908199e-14
6.34935097e+00 9.37749511e+01 1.60231426e-11 7.21908199e-14
6.34957136e+00 9.37749511e+01 1.60231425e-11 7.21908209e-14
6.34950830e+00 9.37783055e+01 1.60258266e-11 7.22035389e-14
6.34910781e+00 9.37783055e+01 1.60258266e-11 7.22035389e-14
6.34913553e+00 9.37783055e+01 1.60258267e-11 7.22035389e-14
6.34985546e+00 9.37783055e+01 1.60258266e-11 7.22035399e-14
6.35057849e+00 9.37798831e+01 1.60270889e-11 7.22095210e-14
6.35049869e+00 9.37798831e+01 1.60270889e-11 7.22095210e-14
6.35010899e+00 9.37798831e+01 1.60270890e-11 7.22095210e-14
6.34892406e+00 9.37798831e+01 1.60270889e-11 7.22095220e-14
6.35030224e+00 9.37806021e+01 1.60276643e-11 7.22122474e-14
6.34858234e+00 9.37806021e+01 1.60276643e-11 7.22122474e-14
6.34957328e+00 9.37806021e+01 1.60276644e-11 7.22122474e-14
6.34985806e+00 9.37806021e+01 1.60276643e-11 7.22122484e-14
6.34985451e+00 9.37807959e+01 1.60278193e-11 7.22129822e-14
6.34945825e+00 9.37807959e+01 1.60278193e-11 7.22129822e-14
6.34960497e+00 9.37807959e+01 1.60278194e-11 7.22129822e-14
6.35015698e+00 9.37807959e+01 1.60278193e-11 7.22129832e-14
6.35024528e+00 9.37809287e+01 1.60279256e-11 7.22134859e-14
6.34960472e+00 9.37809288e+01 1.60279256e-11 7.22134859e-14
6.35053577e+00 9.37809287e+01 1.60279257e-11 7.22134859e-14
6.35000545e+00 9.37809287e+01 1.60279256e-11 7.22134869e-14
6.34873599e+00 9.37809800e+01 1.60279666e-11 7.22136802e-14
6.35088408e+00 9.37809800e+01 1.60279666e-11 7.22136802e-14
6.34978471e+00 9.37809800e+01 1.60279667e-11 7.22136802e-14
6.34913469e+00 9.37809800e+01 1.60279666e-11 7.22136812e-14
6.34945966e+00 9.37810182e+01 1.60279972e-11 7.22138249e-14
6.34876347e+00 9.37810182e+01 1.60279972e-11 7.22138249e-14
6.34899548e+00 9.37810182e+01 1.60279973e-11 7.22138249e-14
6.34931706e+00 9.37810182e+01 1.60279972e-11 7.22138259e-14
6.35020372e+00 9.37810211e+01 1.60279995e-11 7.22138360e-14
6.35135867e+00 9.37810211e+01 1.60279995e-11 7.22138360e-14
6.35023832e+00 9.37810211e+01 1.60279996e-11 7.22138360e-14
6.34883102e+00 9.37810211e+01 1.60279995e-11 7.22138370e-14
6.34972720e+00 9.37810232e+01 1.60280012e-11 7.22138442e-14
6.34982480e+00 9.37810233e+01 1.60280012e-11 7.22138442e-14
6.34953297e+00 9.37810232e+01 1.60280013e-11 7.22138442e-14
6.34893414e+00 9.37810232e+01 1.60280012e-11 7.22138452e-14
6.34904319e+00 9.37810236e+01 1.60280015e-11 7.22138456e-14
6.34885392e+00 9.37810236e+01 1.60280015e-11 7.22138456e-14
6.35023987e+00 9.37810236e+01 1.60280016e-11 7.22138456e-14
6.34914353e+00 9.37810236e+01 1.60280015e-11 7.22138466e-14
6.34939667e+00 9.37810237e+01 1.60280016e-11 7.22138460e-14
6.34977834e+00 9.37810237e+01 1.60280016e-11 7.22138460e-14
6.34977888e+00 9.37810237e+01 1.60280017e-11 7.22138460e-14
6.34981133e+00 9.37810237e+01 1.60280016e-11 7.22138470e-14
6.34935165e+00 9.37810237e+01 1.60280016e-11 7.22138461e-14
6.34993868e+00 9.37810238e+01 1.60280016e-11 7.22138461e-14
6.34915622e+00 9.37810237e+01 1.60280017e-11 7.22138461e-14
6.34974647e+00 9.37810237e+01 1.60280016e-11 7.22138471e-14
